115000.0
75000.0
140000.0
140000.0
160000.0
870000.0
372096.575
220000.0
133000.0
69000.0
169999.0
212000.0
83500.0
75000.0
65000.0
82000.0
207000.0
51990.0
57999.0
57000.0
95000.0
50000.0
95000.0
46860.0
38500.0
110000.0
269000.0
49575.0
119000.0
210000.0
310000.0
93000.0
98000.0
78000.0
68000.0
77000.0
176000.0
139300.0
129000.0
136000.0
71000.0
108000.0
175000.0
45006.0
78000.0
65000.0
84900.0
68899.0
205000.0
211000.0
36500.0
79417.875
155000.0
109000.0
120000.0
55000.0
48000.0
235000.0
41000.0
143000.0
65000.0
500000.0
94000.0
280000.0
67500.0
72000.0
54000.0
74000.0
130000.0
110000.0
180000.0
69000.0
205000.0
211000.0
36500.0
79417.875
155000.0
109000.0
120000.0
55000.0
48000.0
235000.0
41000.0
143000.0
65000.0
500000.0
94000.0
280000.0
67500.0
72000.0
54000.0
74000.0
130000.0
110000.0
180000.0
69000.0
120000.0
150000.0
750000.0
75000.0
53000.0
42500.0
103000.0
650000.0
56000.0
90000.0
77000.0
115000.0
120000.0
130000.0
85000.0
140000.0
45500.0
63232.0
95000.0
55000.0
186900.0
34200.0
234899.0
55000.0
136000.0
139000.0
210000.0
195000.0
119000.0
410000.0
93000.0
137634.0
115000.0
85000.0
130000.0
113000.0
39500.0
68000.0
155000.0
110000.0
75000.0
142000.0
80000.0
43000.0
248000.0
280000.0
209000.0
58990.0
111000.0
97000.0
68000.0
184900.0
61500.0
111000.0
190700.0
53000.0
69000.0
169000.0
95000.0
110000.0
147000.0
99999.0
327000.0
85000.0
790000.0
95000.0
70000.0
58803.05
20175.0
77000.0
75000.0
480000.0
70000.0
205000.0
499990.0
52000.0
93000.0
117000.0
53900.0
58000.0
159000.0
116000.0
42000.0
55500.0
370000.0
650000.0
355000.0
145000.0
117000.0
300000.0
55000.0
41000.0
128000.0
175000.0
19575.0
90000.0
98000.0
137000.0
45000.0
50380.7
200000.0
147000.0
78000.0
82000.0
75000.0
89000.0
710000.0
620000.0
69500.0
85000.0
43000.0
330000.0
59000.0
40000.0
1200000.0
405000.0
100110.0
400000.0
97500.0
83000.0
44000.0
66000.0
350000.0
77000.0
122250.0
65000.0
170000.0
95000.0
85000.0
69500.0
152000.0
92000.0
375000.0
449000.0
75500.0
140000.0
45000.0
135000.0
125000.0
140000.0
120000.0
42000.0
125000.0
48000.0
300000.0
120000.0
649000.0
64980.0
77000.0
48000.0
102000.0
185000.0
42000.0
115000.0
175000.0
54000.0
252900.0
137000.0
95000.0
360000.0
135000.0
105000.0
58000.0
180000.0
153000.0
159000.0
98000.0
1200000.0
42900.0
86000.0
155000.0
450000.0
148000.0
50000.0
81000.0
161003.0
61500.0
78000.0
259266.0
34500.0
122000.0
147420.0
73000.0
44000.0
128000.0
111000.0
73000.0
89000.0
64000.0
375000.0
98000.0
32000.0
125000.0
61500.0
105000.0
60641.0
89000.0
27500.0
47000.0
329000.0
71000.0
47135.775
980000.0
68000.0
71000.0
190000.0
91047.1
115000.0
45000.0
57000.0
45500.0
260000.0
80000.0
52756.3
138000.0
105000.0
59078.25
89000.0
400000.0
100000.0
61500.0
48000.0
180000.0
0
43500.0
100999.0
52000.0
146000.0
110000.0
148800.0
77000.0
38500.0
100000.0
78000.0
75000.0
45000.0
900000.0
85000.0
65600.0
395000.0
155000.0
84000.0
73000.0
83000.0
250000.0
299000.0
56000.0
108379.45
270000.0
58000.0
62000.0
80000.0
195000.0
79512.375
122000.0
94837.5
65000.0
40500.0
29543.275
69000.0
75000.0
155000.0
220000.0
51500.0
73900.0
61458.675
1400000.0
93950.0
395000.0
179000.0
260000.0
52000.0
395000.0
198450.0
750000.0
650000.0
75000.0
150000.0
93900.0
120500.0
129000.0
62000.0
150000.0
55000.0
138000.0
172000.0
79900.0
49999.0
115000.0
87000.0
107000.0
87700.0
65000.0
1250000.0
34700.0
67000.0
88000.0
285000.0
93000.0
85000.0
230000.0
155000.0
180000.0
95000.0
54934.0
260000.0
145000.0
135000.0
50000.0
399000.0
55000.0
270000.0
337000.0
170000.0
85000.0
279000.0
44000.0
170000.0
88000.0
41500.0
70000.0
119900.0
86000.0
138000.0
240000.0
149500.0
49990.0
67999.0
41500.0
99000.0
580000.0
75000.0
299000.0
44000.0
139000.0
150000.0
45690.0
115000.0
63500.0
42000.0
56500.0
66000.0
103000.0
63000.0
228000.0
90000.0
87000.0
62000.0
77000.0
179900.0
49000.0
105900.0
500000.0
38000.0
130000.0
230000.0
66800.0
125000.0
113000.0
93000.0
422000.0
80500.0
123000.0
200000.0
52000.0
360000.0
102000.0
77000.0
125000.0
84000.0
185000.0
22204.725
45142.0
980000.0
180000.0
40000.0
110000.0
90020.1
165000.0
92550.0
80000.0
115000.0
108379.45
155000.0
220000.0
95000.0
115000.0
43750.0
240000.0
28968.5
170000.0
93000.0
145000.0
47211.0
81000.0
750000.0
84950.0
190000.0
85000.0
211000.0
136279.0
71000.0
95000.0
120000.0
335000.0
38500.0
47000.0
105000.0
163000.0
1500000.0
49000.0
100000.0
130000.0
67200.0
52600.0
39000.0
110000.0
135000.0
139860.0
70000.0
95000.0
155000.0
56850.0
140000.0
110000.0
145000.0
280000.0
270000.0
50500.0
39000.0
490000.0
34988.0
311000.0
65000.0
169000.0
70000.0
103000.0
140000.0
116500.0
107000.0
77000.0
165000.0
450000.0
195000.0
480000.0
120000.0
58000.0
1500000.0
345700.0
126000.0
158000.0
206315.0
33000.0
250000.0
63500.0
52500.0
29500.0
42000.0
146000.0
299000.0
141000.0
41000.0
115000.0
81000.0
103950.0
36701.675
68000.0
80000.0
112000.0
319000.0
98000.0
50000.0
49990.0
89500.0
350000.0
210000.0
345000.0
90000.0
170000.0
110000.0
59000.0
145000.0
79000.0
375000.0
122000.0
255000.0
85000.0
240800.0
455000.0
165000.0
100000.0
195000.0
41000.0
70000.0
71400.0
92796.625
60000.0
240000.0
260000.0
127000.0
40000.0
44910.975
3400000.0
44500.0
125000.0
51000.0
42694.75
65000.0
55000.0
94500.0
115000.0
45000.0
85000.0
130118.75
84500.0
350000.0
182000.0
188999.0
147000.0
89900.0
66900.0
75000.0
58000.0
140000.0
82000.0
215000.0
33400.0
100000.0
240000.0
62000.0
115000.0
143560.0
130000.0
152000.0
33800.0
55000.0
110000.0
200000.0
70000.0
160888.0
189000.0
135000.0
215000.0
102000.0
193750.0
54000.0
70000.0
79512.375
50500.0
57000.0
130000.0
262000.0
66000.0
81226.4
50000.0
78000.0
90500.0
80000.0
22652.0
4500000.0
32000.0
190000.0
220000.0
110000.0
43000.0
24581.325
65000.0
110000.0
150000.0
125500.0
200000.0
480000.0
235000.0
82000.0
121975.0
200000.0
250000.0
205000.0
76466.0
240000.0
150000.0
69000.0
74900.0
1350000.0
386000.0
31500.0
58000.0
115000.0
64999.0
69900.0
220000.0
71827.0
186000.0
43000.0
55000.0
193750.0
100999.0
275448.525
149000.0
90020.1
45000.0
92000.0
295000.0
39900.0
215000.0
61458.675
138000.0
50000.0
92284.0
140000.0
92684.45
94000.0
45000.0
56000.0
140000.0
90000.0
159000.0
46211.25
106000.0
170000.0
91000.0
110000.0
65000.0
260000.0
125000.0
65000.0
158000.0
80000.0
68900.0
168000.0
41000.0
134900.0
76700.0
129000.0
295000.0
53600.0
136000.0
130000.0
210000.0
99000.0
43970.0
26014.5
180000.0
39011.0
130000.0
135000.0
95000.0
235000.0
104750.0
164485.5
82000.0
265000.0
60000.0
145000.0
124500.0
116900.0
731500.0
52000.0
169000.0
50000.0
55000.0
129276.0
46000.0
56500.0
70000.0
75000.0
180000.0
85000.0
42000.0
88500.0
1780000.0
120000.0
68000.0
87000.0
45000.0
74153.7
130000.0
61000.0
64000.0
92128.0
240000.0
37100.3
220000.0
500000.0
280000.0
350000.0
28968.5
666000.0
173000.0
86000.0
53900.0
980000.0
220000.0
29543.275
53576.25
280000.0
170000.0
185000.0
135000.0
255000.0
