1575.0
680.0
1400.0
2414.0
2025.0
6273.0
1847.55
2529.0
3325.0
1353.0
3542.0
2494.0
1099.0
1339.0
1711.0
1171.0
2010.0
921.0
841.0
1203.0
1900.0
781.0
990.0
1019.0
875.0
1100.0
1121.0
687.575
1587.0
2692.0
2460.0
1000.0
1556.0
1773.0
1001.0
1481.0
1778.0
1451.05
1985.0
2720.0
934.0
2384.0
1768.0
602.0
1322.0
890.0
1369.35
907.0
2697.0
1005.0
1106.0
1188.9
2500.0
1068.0
1091.0
1078.0
1091.0
2582.0
1464.0
2554.0
966.0
5000.0
1146.0
2295.0
1500.0
960.0
1588.0
1609.0
1300.0
1111.0
2400.0
1113.0
2697.0
1005.0
1106.0
1188.9
2500.0
1068.0
1091.0
1078.0
1091.0
2582.0
1464.0
2554.0
966.0
5000.0
1146.0
2295.0
1500.0
960.0
1588.0
1609.0
1300.0
1111.0
2400.0
1113.0
1667.0
1290.0
4717.0
987.0
1120.0
966.0
1084.0
2708.0
1556.0
1800.0
1085.0
1901.0
1488.0
1057.0
1149.0
1728.0
1058.0
753.0
2065.0
1000.0
1374.0
1605.0
1727.0
1341.0
1915.0
2439.0
1409.0
3900.0
1587.0
4457.0
1550.0
1939.0
1901.0
1545.0
1566.0
2055.0
1097.0
1046.0
1384.0
2200.0
1103.0
1671.0
1569.0
935.0
1198.0
2154.0
2580.0
1439.0
2220.0
1796.0
819.0
2283.0
1398.0
1233.0
2414.0
1233.0
1353.0
1340.0
1730.0
1000.0
1386.8
1389.0
2680.0
1269.0
2894.0
1145.0
1556.0
788.25
750.0
1571.0
892.0
2623.0
1449.0
2697.0
3125.0
1274.0
1563.0
1603.0
1152.0
1318.0
2120.0
1933.0
1235.0
854.0
1947.0
2708.0
4176.0
3021.0
1560.0
5000.0
1107.0
869.0
2560.0
2465.0
645.2
1324.0
2227.0
2854.0
978.0
788.425
2163.0
2333.0
1099.0
2343.0
1562.0
1589.0
3447.0
3605.0
1544.0
1000.0
878.0
1710.0
1429.0
930.0
3429.0
3189.0
1285.0
2222.0
1788.0
0
733.0
1100.0
2011.0
1055.0
1315.0
888.0
1214.0
1900.0
966.0
1454.0
3535.0
1278.0
1518.0
1796.0
1127.0
1728.0
1364.0
2316.0
1344.0
1284.0
1713.0
764.0
1420.0
1086.0
2000.0
1379.0
2360.0
812.0
1426.0
1116.0
1085.0
4405.0
1243.0
991.0
2303.0
915.0
1264.5
1957.0
1258.0
2400.0
833.0
2333.0
935.0
2400.0
1692.0
2271.0
1032.0
2162.0
1140.0
925.0
2818.0
4412.0
1574.0
1220.0
1045.0
1830.0
933.0
1164.0
2038.0
1113.0
1402.0
1798.0
1460.0
1100.0
1829.0
1480.0
760.0
1589.0
1488.0
3151.0
2279.0
1455.0
1190.0
1398.0
1522.0
0
937.0
982.0
1175.0
2043.0
710.0
0
4601.0
1097.0
1127.0
2111.0
0
1575.0
1324.0
1140.0
1167.0
4727.0
1379.0
0
1500.0
1544.0
697.5
1369.0
2759.0
1724.0
809.0
1043.0
2045.0
0
1046.0
1741.0
1000.0
2086.0
1692.0
3166.0
975.0
1132.0
1020.0
1560.0
1071.0
1000.0
6000.0
1288.0
1009.0
3038.0
2214.0
1400.0
936.0
1566.0
3846.0
3425.0
812.0
0
3333.0
1018.0
1292.0
1702.0
2097.0
0
1842.0
1317.2
1000.0
827.0
0
1683.0
1415.0
2013.0
2200.0
936.0
1274.0
0
4487.0
1080.0
2724.0
3580.0
2080.0
1209.0
3038.0
2450.0
3606.0
2124.0
1389.0
1429.0
1361.0
1826.0
1925.0
1348.0
1442.0
1000.0
1500.0
2000.0
918.0
1157.0
1326.0
958.0
2202.0
1015.0
1275.0
5000.0
1388.0
1595.0
1913.0
2244.0
2022.0
1288.0
1873.0
2214.0
2222.0
1730.0
1330.0
3059.0
1835.0
1627.0
1316.0
2494.0
1486.0
1362.0
3120.0
1133.0
1181.0
2131.0
1073.0
3208.0
2047.0
892.0
986.0
2141.0
729.0
1725.0
2824.0
1438.0
829.425
1438.0
1339.0
1100.0
5577.0
1630.0
2903.0
1158.0
1252.0
1667.0
819.0
1456.0
858.0
913.0
1153.0
868.0
1000.0
1355.0
2073.0
1286.0
915.0
1033.0
828.0
1384.0
1960.0
1925.0
2924.0
884.0
2708.0
2644.0
1260.0
1488.0
2457.0
1788.0
4637.0
1238.0
1500.0
2273.0
1268.0
2400.0
1397.0
951.0
2500.0
2270.0
3083.0
0
717.0
4601.0
2442.0
887.0
1264.0
0
1602.0
1157.0
879.0
1797.0
0
1649.0
1982.0
2065.0
2875.0
625.0
2857.0
0
2125.0
1329.0
1058.0
926.0
1558.0
3024.0
1634.0
2568.0
787.0
1899.0
1100.0
1291.0
1418.0
1714.0
3807.0
1604.0
1098.0
1092.0
3543.0
6000.0
1324.0
1961.0
2131.0
610.9
822.0
1215.0
1000.0
2647.0
1998.0
1556.0
1280.0
2214.0
1384.0
1750.0
2750.0
2685.0
2857.0
1459.0
1036.0
534.0
4455.0
875.0
1885.0
878.0
2965.0
1000.0
1188.0
1795.0
1985.0
1163.0
1426.0
1941.0
1286.0
2434.0
2824.0
2500.0
1055.0
6522.0
2220.0
1544.0
1732.0
1715.0
1138.0
3731.0
882.0
954.55
624.475
852.0
2355.0
2300.0
2104.0
976.0
1554.0
920.0
2121.0
873.85
1388.0
1455.0
2667.0
2246.0
1960.0
1562.0
1136.0
1721.0
2244.0
1707.0
2091.0
1364.0
2068.0
2683.0
1405.0
2377.0
988.0
3151.0
2302.0
4048.0
1977.0
2800.0
3792.0
1528.0
1064.0
1696.0
1131.0
1273.0
1152.0
0
1237.0
1967.0
2889.0
2309.0
1000.0
0
10000.0
1085.0
2660.0
927.0
0
1000.0
1719.0
1500.0
2300.0
1250.0
2429.0
0
1690.0
2121.0
2563.0
1718.0
1441.0
1124.0
1115.0
1071.0
725.0
1667.0
1139.0
2240.0
1044.0
885.0
2017.0
1016.0
1533.0
2618.0
1585.0
1551.0
1056.0
1486.0
1146.0
2703.0
1296.0
1828.0
1510.0
2077.0
4300.0
1020.0
1550.0
982.0
1273.0
0
973.0
1036.0
2152.0
2015.0
1650.0
0
666.675
796.0
1550.0
1569.0
0
14610.0
1067.0
2111.0
3607.0
1048.0
1344.0
0
1757.0
1447.0
2000.0
1931.0
1754.0
3158.0
2043.0
921.0
1742.0
2375.0
1586.0
2412.0
921.0
2017.0
1500.0
1643.0
1702.0
5153.0
3088.0
900.0
1137.0
1742.0
956.0
999.0
1947.0
1085.0
1722.0
935.0
917.0
1550.0
1741.0
1387.65
1242.0
0
1071.0
1333.0
3430.0
1247.0
1490.0
0
1500.0
833.0
1138.0
741.0
0
1362.0
938.0
903.0
1609.0
1084.0
2446.0
0
1893.0
2656.0
1167.0
1719.0
1757.0
2222.0
2778.0
1548.0
1374.0
1536.0
907.0
1461.0
1019.0
2263.0
1743.0
1433.0
4338.0
1160.0
1281.0
1529.0
1615.0
2200.0
956.0
635.275
1607.0
707.0
1508.0
2455.0
2317.0
3133.0
838.0
1325.0
1039.0
1677.0
1364.0
3021.0
2041.0
1771.0
5500.0
1106.0
1252.0
1429.0
1250.0
1995.0
1122.0
1108.0
1273.0
926.0
2195.0
955.0
948.0
2011.0
4972.0
1263.0
1000.0
777.0
1184.0
0
1796.0
1525.0
914.0
1602.0
3810.0
0
1833.0
4167.0
4000.0
2188.0
0
3000.0
1663.0
1955.0
1147.0
4893.0
3056.0
0
811.75
2333.0
1789.0
1652.0
2700.0
2024.0
